3960
3960
3960
3960
3960
3960
3960
3960
3960
3960
3960
3960
3960
3900
3900
3960
3960
3960
3960
3900
3000
3960
3900
3960
3960
3960
3900
3900
3900
3000
3900
3960
3960
3960
3960
3960
3960
3960
3960
3960
3900
3960
3960
3960
3960
3900
3900
3000
3960
3900
3900
3000
3900
3900
3960
3960
3960
3960
3900
3960
3900
3900
3900
3900
3900
3960
3960
3960
3960
3960
3960
3960
3960
3960
3900
3900
3900
3900
3960
3960
3960
3900
3900
3960
3960
3060
3960
3960
3900
3960
3960
3960
3900
3900
3960
3960
3960
3960
3960
3960
3960
3960
3960
3960
3960
3960
3960
3960
3900
3900
3900
3900
3900
3900
3900
3960
3960
3960
3900
3900
3900
3960
3960
3960
3960
3900
3900
3960
3960
3960
3960
3900
3900
3900
3900
3840
3660
3360
2940
2280
900
0
0
960
1980
1620
1380
1200
1200
1200
1200
1140
1080
1080
1140
1080
1140
1140
1140
1140
1080
1080
1140
1080
1080
1080
1140
1080
900
1140
1080
1140
1140
1080
1140
1140
1140
1080
840
1140
1080
1080
1080
1140
1140
1080
1140
1200
1080
1140
1080
1080
1080
1080
1080
1140
1140
1080
1080
1080
1080
1140
1140
1140
840
1020
1020
1140
840
1080
1080
1080
1140
1080
1140
1140
1080
1080
1140
1080
1140
840
1140
1080
1080
1080
1140
1080
1080
1080
1140
1140
1200
1140
1140
1080
1080
1080
1140
1080
1080
1200
1320
1380
1380
1380
1380
1440
1620
1680
1680
1620
1800
2520
3300
3780
3900
3960
3960
3960
3900
3900
3900
3900
3900
3900
3960
3960
3900
3900
3900
3900
3900
3900
3900
3900
3900
3960
3960
3960
3960
3960
3900
3900
3900
3900
3900
3900
3900
3900
3900
3900
3900
3900
3960
3960
3960
3960
3960
3960
3960
3900
3900
3900
3960
3960
3960
3960
3960
3960
3960
3960
3960
3960
3960
3960
3960
3960
3000
3960
3960
3960
3960
3900
3960
3960
3960
3960
3900
3900
3900
3960
3960
3960
3960
3960
3960
3960
3960
3960
3960
3960
3900
3900
3960
3960
3960
3960
3960
3960
3960
3960
3960
3960
3960
3960
3900
3960
3960
3960
3960
3960
3960
3960
3960
3060
3960
3960
3900
3840
3840
3720
3660
3600
3540
3420
3420
3420
3300
2520
3300
3300
3300
3300
3300
3300
3300
3360
3300
3180
3240
3180
3120
2940
2400
1140
60
0
0
120
1380
1560
1320
1200
1140
1140
1080
1140
1080
1080
1140
1080
1080
1080
1080
1080
1080
840
1080
1140
1080
1080
1140
1140
1140
1140
1140
1140
1140
1080
1140
1080
1140
1080
1080
1140
1140
1080
1200
1140
1140
1140
1080
1140
1080
1140
1080
1080
1080
1140
1080
1140
1140
1200
1140
1140
1080
1080
1080
1080
1140
1080
1080
1080
1140
1140
1140
1140
1200
1140
1080
1140
1140
1080
1080
1140
1080
1140
1080
1080
1080
1140
1140
1140
1140
1140
1140
1080
1080
1080
1140
1080
1080
1080
1080
1140
1140
1140
1140
1140
1080
1140
1080
1080
1140
1080
1140
1080
1080
1140
1140
1140
1140
1140
1140
1080
1080
1080
1080
1080
1140
1080
1140
1080
1140
1140
1140
1140
1080
1140
1080
1080
1140
1080
1140
1080
1140
1080
1080
840
1140
1140
1140
1140
1080
1140
1140
1080
1140
1080
1080
1140
1080
1080
1140
1140
1140
1140
1140
1080
1140
1140
1080
1140
1080
1140
1080
1140
1140
1080
1140
1140
1140
1080
1140
1080
1080
1140
1080
1140
1080
1080
1080
1140
1080
1140
1140
1080
1080
1140
1080
1140
1080
1080
1080
1140
1080
1080
1080
1080
1140
1140
1080
1080
1080
1140
1080
1140
1080
1080
1140
1080
1080
1140
1140
1140
1140
1140
1140
1140
1080
1140
1080
1080
1080
1080
1080
1140
1140
1140
900
1140
1140
1080
1140
1080
1140
1080
1080
1080
1140
1080
1080
1200
1140
1140
1140
1140
1140
1080
1140
1080
1140
1080
1140
1080
1080
1140
840
1140
1140
1200
1140
1140
1080
1080
1140
1080
1140
1080
1140
1080
1200
1140
1140
1140
1080
1140
1080
1080
1080
1140
1080
1140
1080
1140
1080
1140
1140
1140
900
1140
1140
1080
1140
1140
1080
1080
1080
1140
1080
1080
1140
1140
1140
1200
1080
1140
900
1080
1140
1080
1140
1080
1140
1080
1140
1140
1200
1140
1200
1140
1140
1140
1080
1080
1080
1080
1140
1080
1140
1080
1140
1140
1140
1140
1140
1140
1080
1140
1080
1080
1140
1080
1080
1140
1080
900
1140
1140
1140
1080
1080
1140
1080
1140
1080
1140
1140
1080
1080
1140
1140
1140
1200
1140
1140
900
1080
1140
1140
1080
1140
1080
1140
1080
1080
1140
1140
1140
1200
840
1140
1140
1080
1080
1140
1080
1140
1080
1140
1080
1140
540
0
0
60
1200
1680
1440
1260
1200
1140
1200
1140
1200
1200
1200
1140
1140
1200
1140
1140
1140
1140
1140
1200
1140
1200
1200
1200
1200
1200
1200
1200
1200
1140
1200
1200
1200
1140
1200
1140
1200
1200
1320
1260
1200
1140
1140
1140
1140
1140
1140
1140
1140
1140
1200
1200
1200
1200
1320
1200
1260
1200
1140
1200
1140
1140
1200
1140
1200
1140
1200
900
1200
1200
1260
1200
1140
1140
1140
1140
1140
1140
900
1140
1200
1200
1200
1200
1200
1200
1200
1200
1140
1200
1140
1140
1200
1200
1140
1200
1140
1260
1200
1200
1200
1200
1140
1200
1200
1140
1200
1140
1140
1200
1320
960
1200
1320
960
1140
1140
1200
1140
1140
1200
1200
1200
1140
1140
1140
1140
1260
960
1320
1320
1260
1260
1200
1200
1200
1140
900
1200
1200
1140
1140
1200
1200
1200
1260
1320
1260
1200
1140
1200
1140
1200
1140
1140
1140
1140
1200
1260
1260
1260
2532
1573
1515
3760
4073
4074
4075
4074
4074
0
1080
3480
4020
4080
4140
4140
4140
4140
3180
4140
4140
4140
4080
4140
4140
4140
3180
4140
4140
4140
4140
4080
4080
4140
4140
4140
4140
4140
4140
4140
4080
4080
4080
3180
4140
4140
3180
4140
4140
4080
4140
4140
4140
4140
4140
4140
4140
4140
4140
4140
4140
4140
4140
4140
4140
4140
4140
4140
3180
4140
4140
4140
4140
4140
4140
4140
4140
4140
4140
4080
4140
4140
4140
4140
4080
4140
4140
4140
4140
4ñ120
0
1140
2760
3360
3840
4020
4080
4020
4020
4020
3120
4020
4020
4080
4080
4080
4080
4080
4020
4080
4080
4020
4020
4080
3120
4080
4080
4020
4080
4080
4080
4140
4200
4260
4260
4260
4140
4080
4080
4080
4080
4080
4080
4080
4140
4080
4140
4080
3180
4260
4260
4260
4200
4260
3240
4260
4200
4260
4260
4200
4200
4200
4260
4260
4260
3240
4200
4200
4200
4260
4260
4200
4260
4260
4260
4140
4140
4080
4020
4020
4080
4020
4140
4200
4260
4260
4260
4260
4260
4320
4260
4260
4260
4260
4260
4260
4260
4140
4080
4080
3120
4080
4080
4080
4080
4020
4080
4260
4260
4200
4260
4260
4260
4260
4260
4200
4200
4260
4260
4200
4200
4200
4020
3780
3420
2940
2100
720
60
0
540
1500
1380
1260
1200
1200
1020
1080
1020
1080
1020
1020
1140
960
720
840
900
660
540
240
540
900
1080
1080
1140
1140
1080
1140
1140
1140
1140
1200
0
0
0
0
0
0
0
0
0
0
0
0
0
0
0
0
0
0
0
0
0
0
0
0
300
960
780
0
540
1440
1620
1320
1200
1140
1140
1140
1140
1140
1200
1140
1200
1140
1140
1200
1140
1140
1200
1140
1200
1140
1200
720
0
0
0
0
0
0
0
0
0
0
0
0
0
0
0
0
0
0
900
2760
3660
3900
3960
4020
3960
3060
3960
3960
4020
3960
3960
3960
4020
4020
4020
4020
4020
4020
4080
4200
4200
4200
4260
4200
4140
4080
4080
4080
4080
4080
4020
4020
4020
4020
4020
4020
4080
4200
4200
4260
4140
4080
4020
4020
4020
4020
4020
4080
3120
4080
4080
4080
4080
4080
4080
4080
4080
4080
4200
4260
4260
4260
4200
4260
4320
4260
4320
4260
4260
4260
4260
4260
4260
4320
4320
4260
4320
4320
4320
4320
4320
4320
4320
4320
4320
4320
4320
4320
4320
4260
4260
4320
4320
4320
4320
4320
4320
4320
4320
4260
4260
4260
4260
4320
4320
4320
4320
4320
4320
4260
4320
4260
4260
4260
4260
4260
4260
4260
4260
4260
4320
4260
4260
4260
4140
4080
4080
4020
4020
4020
4020
4020
4020
4080
4020
4080
4080
4080
4080
4020
4020
4140
4260
4260
4200
4200
4200
4260
4260
4260
4260
4200
4080
4080
4080
4080
4020
4080
4020
4020
4020
4020
4020
4020
4080
4080
4020
4020
4020
4020
4020
4020
4080
4080
4080
4020
4080
4080
4020
4080
4020
4080
4080
4080
4080
4080
4080
4080
4080
4080
4080
4080
4080
4080
4020
4020
4080
4020
4020
4020
4020
4020
4020
4080
4080
4020
4080
4020
4080
4080
4080
4080
3120
4020
4080
4020
4020
4020
4020
4080
4080
4080
4020
3660
3120
2340
1860
1680
1200
1440
1320
1260
780
0
0
0
0
0
0
0
0
240
1080
420
0
0
0
0
0
0
0
0
0
60
720
720
180
0
0
0
0
0
0
0
0
0
0
0
0
0
0
0
0
0
0
0
0
0
0
0
0
0
0
0
0
0
0
0
0
0
0
0
0
0
0
0
0
0
0
0
0Š0
0
0
0
1380
2640
2220
1680
1260
360
0
1200
2640
2340
1740
840
0
0
0
780
1980
1560
1320
600
60
0
1200
2460
1440
240
0
0
0
0
0
0
0
0
0
0
0
0
0
0
0
0
0
0
0
0
0
0
0
0
0
0
0
0
0
0
0
0
0
0
0
0
0
0
0
0
0
0
0
0
0
0
0
0
0
0
0
0
0
0
0
0
0
0
0
0
0
0
0
0
120
1260
1260
1260
1200
1200
1200
1200
1140
600
0
600
2100
1620
420
0
0
0
0
1020
1980
1500
1260
1200
1140
1080
1080
1080
1080
1020
1080
1020
180
0
780
1920
1560
960
1140
1140
1140
1140
1080
1020
180
0
0
720
1860
1320
240
0
720
1740
480
0
0
0
0
0
0
0
0
0
0
0
0
0
0
0
0
0
0
0
0
0
0
0
0
0
0
0
0
0
0
0
0
0
0
0
0
0
0
0
0
0
0
0
0
0
0
0
0
0
0
0
0
0
0
0
0
0
0
0
0
0
0
0
0
0
0
0
0
0
0
0
0
0
0
0
0
0
0
0
0
0
0
0
0
0
0
0
0
0
0
0
0
0
0
0
0
0
0
0
0
0
0
0
0
0
0
0
0
0
0
0
0
0
0
0
0
0
0
0
0
0
0
0
0
0
0
0
0
0
0
0
0
0
0
0
0
0
0
0
0
0
0
0
120
1140
1140
840
1140
1140
1140
1140
1140
1200
1200
1500
1740
2040
2160
2220
2220
2220
1740
2220
2220
2280
2280
2280
2220
2280
2280
2280
2280
2280
2340
2280
2280
2280
2280
2340
2280
2280
2280
2340
2340
2340
2340
2340
2340
2340
1800
2340
2340
2340
2340
2340
2340
2340
2340
2340
2340
1800
2340
2340
2340
2340
2340
2280
2280
2340
2340
2340
2280
2340
2400
2340
2340
2340
2340
2340
2340
2400
2340
2400
2340
2280
2340
2340
2340
1800
2340
2340
2340
2340
2340
2340
2280
2340
2340
2340
2340
2340
2340
2340
2340
2280
2340
2340
2340
2340
2340
2340
2340
2340
2340
2340
2400
2340
2340
2340
2340
2340
2340
2340
2340
2340
2280
2340
2340
2280
2340
2340
2340
2400
2400
2340
2340
2340
2340
2340
2340
2340
2340
2340
2340
2340
2340
2340
2340
2400
2340
2340
2340
2280
2340
2340
2340
2340
2340
2340
2340
2340
2340
2280
2340
2340
2340
2340
2340
2340
2340
2280
2280
2340
2340
2340
2340
2340
1800
2340
2340
2340
2400
2340
2340
2400
2340
2400
2400
2340
2400
2340
2340
2400
2340
2340
2340
2340
2400
2340
2400
2340
2340
2340
2340
2400
2340
2340
2340
2340
2400
2340
2340
2340
2340
2340
2340
2340
2340
2340
2340
2280
2340
2340
2340
2340
2340
1800
2340
2340
2340
2340
2340
2340
2340
2340
2340
2400
2340
2340
2340
1860
2340
2340
2400
2340
1800
2340
2340
2340
2340
2340
2340
1800
2340
2280
2340
2340
2340
2340
2340
2280
2280
2340
2340
2340
2340
2340
2340
2340
2340
2340
2340
2340
2340
2400
2340
2340
2400
2340
2400
2340
2400
2340
2400
2340
2340
2340
2280
2340
2340
2340
2280
2340
2400
2400
2400
2340
2400
2340
2400
2340
2340
2340
2340
2340
2340
2340
0
0
0
1080
1920
1440
1320
1260
1260
1140
1080
240
0
1140
2400
1860
1440
1200
1140
1080
1080
840
60
0
1260
2460
1560
1080
1740
2640
2400
3600
3900
3900
3960
4080
4020
3960
4020
3960
4020
3900
3720
3360
2880
2220
780
0
1200
1920
1500
1260
1140
1140
1080
1080
1080
1080
1080
840
1140
1140
1140
1140
1140
1140
1140
1080
1080
840
1080
1080
1080
1080
1080
1080
1140
1080
1140
1080
1080
1140
1140
1140
1080
1140
1080
1080
840
1020
1020
1140
1080
900
180
0
0
0
